var shape = $.createShape({lifeTime:4,x:0,y:0});
var g = shape.graphics;
g.lineStyle(4,13421772,1);
/*--图层1--*/
g.drawPath( $.toIntVector([1,3,1,3,1,3,1,3,1,3,1,3,1,3,1,3,1,3,1,3,1,3,1,3,1,3,1,3,1,3,1,3,1,3,1,3,1,3]),$.toNumberVector([579,113,522,176,460,182,460,181,454,189,444,199,519,285,472,252,444,201,519,286,441,274,392,247,392,247,388,251,384,255,385,255,385,272,384,287,385,288,384,290,390,292,390,292,408,296,419,322,419,322,429,358,437,382,-2,133,12,159,25,178,17,133,22,163,25,176,19,133,37,162,91,181,90,181,99,192,105,198,105,198,77,259,34,296,35,296,96,278,156,244,171,255,165,249,156,242,171,254,176,274,174,288,173,288,135,313,133,333,133,332,123,371,118,383]));
g.lineStyle(3,13421772,1);
/*--图层2--*/
g.drawPath( $.toIntVector([1,3,1,3,1,3,1,3,1,3,1,3,1,3,1,3,1,3,1,3,1,3,1,3,1,3,1,3,1,3,1,3,1,3,1,3,1,3,1,3]),$.toNumberVector([516,128,537,44,515,-15,524,35,502,164,383,253,384,253,312,299,279,299,279,299,225,297,172,254,173,255,56,181,22,28,32,1,3,76,17,133,-6,5,-2,85,17,134,15,-18,5,21,8,67,-6,6,2,53,8,66,172,254,181,319,176,338,384,253,378,329,380,332,385,300,403,307,369,347,169,305,147,321,175,338,368,347,321,356,296,401,369,347,390,349,390,392,176,338,233,365,251,397,190,346,165,347,166,394,236,374,271,385,311,378,265,-18,279,-1,289,9,280,-17,282,-6,289,8]));
g.lineStyle(3,13421772,1);
/*--图层3--*/
g.drawPath( $.toIntVector([1,3,1,3,1,3]),$.toNumberVector([283,44,284,69,290,75,290,75,291,76,286,81,558,-17,559,65,517,130]));
